+380689679352
+380684242670
+380951201721
+380985939271
+380952267651
+380995206313
+380963190592
+380971605952
+380956133015
+380960318915
+380982035574
+380973428305
+380965501478
+380663667036
+380633160872
+380989864836
+380660090132
+380952260041
+380995042502
+380930602028
+380986176193
+380975279946
+380984880531
+380971536754
+380971906261
+380671083972
+380689434232
+380660767902
+380977810787
+380684761981
+380995472343
+380679747323
+380955082281
+380666183048
+380663386937
+380963520317
+380955219634
+380968350285
+380970152139
+380667319452
+380995465294
+380931604175
+380689194086
+380505481784
+380997123813
+380988513413
+380686575676
+380506566949
+380982729382
+380680266042
+380979377271
+380990921691
+380933170677
+380931359628
+380938642261
+380631019040
+380992224021
+380954897009
+380966253177
+380663970826
+380986413143
+380683646867
+380965269556
+380974446555
+380999570058
+380680830780
+380508790324
+380964183297
+380960358216
+380980602411
+380986508760
+380683368864
+380639908447
+380978737836
+380955673801
+380968675571
+380507163419
+380662297238
+380665438738
+380504330330
+380985299505
+380663644348
+380682143637
+380960699049
+380979013686
+380680565743
+380978919663
+380630185623
+380977970900
+380971625100
+380930489512
+380660815362
+380994776198
+380733096780
+380660807574
+380982830235
+380992774670
+380975645112
+380687526125
+380635621156
+380976564759
+380984914391
+380677279723
+380955658292
+380995129844
+380980994618
+380979195348
+380993525843
+380955691190
+380950603362
+380966533597
+380633285364
+380951804599
+380681449465
+380973097498
+380986769104
+380996245772
+380980206489
+380970179158
+380989857841
+380980058240
+380931158467
+380967598525
+380964104219
+380660153278
+380966159484
+380993190646
+380665026801
+380668190920
+380989087884
+380980007301
+380680213352
+380984987769
+380685020050
+380734140412
+380682218564
+380971812041
+380997414659
+380667854415
+380950583375
+380997562373
+380683963937
+380969409159
+380682538750
+380637155293
+380660281983
+380667881291
+380506669539
+380962721662
+380979278650
+380989531259
+380661879199
+380502428059
+380982133043
+380931168023
+380951332148
+380661973151
+380638691663
+380973287083
+380666696899
+380980783013
+380686199106
+380968293191
+380955471650
+380687735639
+380637059708
+380971825284
+380664184339
+380661965813
+380689387180
+380662903196
+380684862322
+380980384432
+380950830590
+380636937916
+380966596919
+380639755833
+380636725560
+380956884635
+380688551535
+380985056507
+380999481654
+380994780653
+380662407255
+380685857995
+380672879227
+380987823799
+380972241339
+380668548636
+380673196894
+380685973100
+380635699256
+380663819661
+380957993316
+380507177506
+380953009611
+380996016629
+380987871776
+380632918489
+380667600264
+380973370004
+380505034802
+380632807431
+380956991626
+380502468732
+380971140682
+380977412558
+380507328661
+380954812306
+380635990225
+380935341897
+380935817423
+380666679779
+380686278031
+380951115687
+380501897286
+380990453863
+380979075070
+380966128764
+380988485550
+380980056024
+380964878607
+380931018361
+380979257108
+380972101461
+380668005978
+380680011169
+380667536725
+380954318656
+380632553783
+380959051304
+380930813799
+380506964495
+380958961779
+380953908369
+380935757984
+380660387303
+380507710575
+380500348802
+380960247791
+380681133639
+380689949881
+380636034389
+380955460751
+380995230862
+380686602187
+380954331868
+380662826649
+380989348642
+380956724700
+380984855685
+380505927983
+380633480954
+380999806550
+380682139270
+380980076216
+380685408766
+380968826257
+380987371402
+380968866281
+380938748102
+380671729464
+380963685407
+380960997061
+380962807429
+380687191313
+380660185067
+380965638264
+380689140836
+380968032225
+380636631492
+380984558481
+380636410993
+380633241620
+380999415961
+380987286669
+380668373393
+380638661327
+380634961997
+380661996119
+380663152283
+380665493436
+380635656921
+380685891077
+380663539535
+380673862327
+380964553558
+380683612421
+380969052568
+380976436198
+380970409972
+380636729808
+380969320992
+380508018283
+380972610264
+380951059672
+380631376448
+380684164853
+380973784638
+380975901538
+380987132189
+380662013500
+380505511994
+380687372190
+380993668514
+380500131622
+380960176929
+380686935620
+380970288221
+380935157516
+380957068809
+380673938067
+380991087470
+380973203242
+380990710474
+380663647982
+380990177789
+380631336683
+380976470810
+380687520162
+380636013598
+380662167566
+380969350230
+380990509869
+380981321672
+380993692018
+380678007728
+380979687859
+380960047717
+380631717416
+380663258236
+380965578098
+380970832446
+380683318967
+380956025731
+380684024700
+380930872712
+380978767923
+380678590840
+380950218325
+380502246388
+380665584412
+380501631323
+380733401781
+380973189866
+380968716288
+380993121744
+380675278884
+380686558134
+380968841025
+380968322585
+380673908681
+380687388300
+380991915518
+380686282428
+380683432827
+380662749670
+380967199436
+380665135181
+380971755130
+380964983394
+380970516436
+380935887241
+380996313330
+380680856536
+380956562656
+380935236371
+380965493318
+380661164834
+380970694914
+380962109407
+380969955958
+380964825085
+380966342621
+380999656398
+380689315138
+380664982671
+380970189138
+380992836965
+380966117945
+380974129454
+380687703455
+380981015363
+380978110995
+380964479397
+380501075592
+380966930101
+380951503614
+380956255578
+380978093495
+380989019278
+380977177633
+380636052476
+380679214843
+380976548236
+380500829233
+380500191012
+380960931597
+380958727325
+380997778551
+380501501602
+380636723414
+380971889463
+380688364529
+380931575646
+380961382950
+380986002667
+380965961202
+380682070266
+380980689340
+380665750675
+380636583728
+380507157375
+380980368679
+380982224906
+380997385287
+380501330112
+380981215661
+380965997536
+380680386546
+380935725309
+380671442454
+380959048945
+380634957404
+380680987234
+380999331023
+380961138129
+380972477078
+380660423075
+380687349881
+380967349017
+380668731572
+380685412025
+380990927747
+380953528256
+380966370244
+380684600146
+380983290706
+380686354979
+380669866617
+380679865321
+380501854693
+380635705232
+380679187404
+380667210675
+380957753312
+380681126038
+380978943682
+380994244943
+380968128031
+380631489386
+380681708159
+380677729676
+380509135910
+380980830887
+380684171427
+380974260578
+380975654712
+380502573362
+380508190084
+380662145425
+380669607525
+380687239872
+380961607760
+380507796844
+380963807512
+380994439007
+380992295106
+380993849051
+380637638003
+380989815119
+380971339712
+380976938101
+380963401731
+380663796263
+380995157321
+380991210982
+380681496922
+380956825285
+380501835444
+380969963490
+380967345996
+380991574247
+380987979166
+380977012900
+380967735369
+380664938207
+380933357650
+380506948107
+380684937986
+380971961942
+380983098919
+380632464926
+380676463415
+380971280294
+380984324744
+380685879149
+380950411642
+380671496585
+380936213260
+380953309246
+380968832377
+380999666793
+380957893394
+380639317851
+380985245667
+380663754448
+380984118648
+380970629644
+380681131696
+380966662182
+380960076949
+380679073717
+380936204193
+380673011074
+380669664454
+380668653093
+380958884376
+380968241632
+380936923344
+380677203760
+380994734207
+380956292686
+380632525476
+380987254473
+380637413835
+380959110921
+380935033312
+380956734366
+380502652743
+380965034645
+380992703295
+380662621215
+380966430256
+380969506449
+380674546922
+380664333725
+380951895304
+380931005420
+380633235002
+380634850603
+380955630836
+380953593007
+380687030409
+380680763370
+380968744083
+380683251497
+380660898802
+380989770722
+380505791827
+380509726422
+380973831572
+380990729417
+380982079118
+380956312337
+380977386564
+380975418312
+380993879606
+380977473227
+380968414223
+380984967016
+380970376651
+380964168834
+380971012112
+380989506011
+380992006082
+380977396453
+380977974326
+380638594150
+380682385763
+380681405222
+380989793951
+380958152792
+380505322008
+380683377525
+380685757130
+380667786965
+380677709885
+380631980974
+380989807273
+380506781532
+380688908288
+380955249210
+380506950772
+380958651620
+380978302308
+380688919350
+380985870113
+380965817152
+380988762500
+380962722074
+380996316928
+380986475813
+380500736356
+380977661782
+380687186957
+380956377284
+380989380253
+380509707939
+380979807211
+385980336876
+380508439600
+380635133205
+380505210390
+380661411373
+380680003327
+380958638590
+380958656325
+380958962707
+380660571101
+380986760215
+380631396261
+380665489101
+380981774014
+380974402031
+380505956899
+380665865220
+380660509480
+380992176358
+380997671344
+380933442859
+380989265803
+380950824467
+380934505945
+380988369303
+380956976393
+380662556574
+380688182742
+380969043628
+380669714649
+380688829157
+380979813360
+380673438648
+380954152425
+380931527921
+380661917905
+380994484847
+380932535172
+380636342946
+380689442773
+380687973141
+380979755131
+380972812105
+380959192870
+380677726453
+380991461061
+380988165523
+380996411393
+380961364541
+380689250965
+380677442491
+380974268285
+380968049704
+380637382485
+380687713284
+380677553511
+380996360531
+380992256706
+380956466728
+380962224701
+380951604505
+380951261586
+380683371580
+380630202134
+380967117217
+380977761856
+380506357786
+380688846431
+380986365521
+380689064051
+380637371816
+380505640224
+380681880772
+380936410792
+380983309505
+380969601121
+380964900784
+380959497165
+380506989608
+380686791968
+380671465748
+380985819262
+380667880715
+380687736725
+380997360001
+380953592437
+380957758731
+380634624904
+380950915976
+380964690537
+380957410329
+380988869432
+380953727392
+380631890267
+380630735038
+380968091264
+380987113398
+380994671118
+380979473421
+380959073567
+380983519473
+380982064582
+380662236746
+380982119603
+380987155289
+380997558312
+380967031206
+380953542609
+380688489413
+380970490593
+380683571971
+380995146126
+380956230520
+380978290337
+380638868994
+380665570204
+380666505379
+380961109323
+380638470627
+380637295280
+380980902121
+380664477884
+380668058262
+380985606355
+380683952637
+380999651135
+380951461596
+380968328605
+380666198682
+380633885192
+380683648525
+380686517753
+380989218778
+380636147078
+380677589891
+380674926850
+380935833445
+380966448688
+380970311904
+380635767045
+380982289906
+380977232571
+380999112506
+380964155406
+380987157093
+380979498668
+380660823208
+380983096490
+380666634732
+380992205224
+380509929512
+380997839193
+380667700028
+380681401295
+380990902146
+380987913808
+380978179716
+380971368043
+380972300214
+380967522028
+380638297753
+380994064620
+380687485876
+380685296022
+380935648919
+380961019501
+380978394753
+380634789064
+380662821266
+380973524137
+380675197495
+380994997468
+380978715440
+380672990086
+380988445088
+380630229711
+380501636758
+380959135952
+380508203303
+380989763268
+380953157684
+380680679508
+380989297101
+380963021012
+380687954745
+380681233012
+380986272252
+380972670802
+380631983788
+380967613847
+380502551039
+380506833987
+380987390462
+380669427959
+380960411116
+380961318938
+380664105721
+380979410723
+380502117779
+380958999600
+380965682771
+380981081103
+380985956269
+380678908826
+380635949930
+380632603009
+380983011511
+380962003094
+380637746392
+380632345464
+380993091826
+380639630280
+380978234752
+380662027732
+380961730053
+380955562051
+380680560956
+380660840548
+380688683650
+380676094465
+380954845490
+380969915196
+380682250584
+380982831939
+380501467321
+380663744788
+380660358644
+380685191383
+380639495145
+380967921664
+380688733244
+380985017214
+380667354282
+380508325618
+380955214230
+380685151442
+380985567078
+380955643892
+380958242348
+380995256509
+380992593324
+380938098983
+380986094825
+380501857071
+380992775955
+380688259074
+380956044314
+380957230749
+380660490948
+380973374342
+380980651104
+380956469755
+380508244584
+380673816811
+380967785690
+380502214377
+380685443694
+380973241232
+380959051337
+380661559589
+380661125741
+380967004512
+380668475979
+380639755238
+380683936061
+380685111890
+380664670364
+380686103340
+380661677850
+380635345080
+380502660784
+380634500632
+380634206695
+380990404077
+380680361981
+380963383438
+380986032457
+380968881769
+380682549174
+380991882226
+380638905682
+380632454254
+380963683076
+380966984556
+380993227970
+380930194289
+380960772248
+380660528626
+380955667605
+380981327946
+380988230169
+380984793603
+380639668797
+380635826376
+380636523319
+380954794148
+380967681204
+380997080107
+380632019403
+380662044879
+380685804876
+380996081955
+380680824933
+380972323028
+380680315275
+380969005164
+380663888620
+380501900459
+380999259876
+380683940177
+380634164530
+380952518790
+380502076921
+380967865022
+380937625765
+380962023784
+380661639617
+380976875995
+380507079179
+380960793709
+380956827818
+380930292659
+380683207432
+380505224288
+380997372496
+380996632347
+380662285809
+380500351412
+380674636927
+380985976551
+380506319225
+380665933908
+380976692583
+380964286624
+380980634899
+380988226330
+380635597238
+380993178569
+380666305555
+380505737313
+380966890486
+380680848429
+380682169505
+380632042720
+380972048754
+380968102712
+380955993206
+380677213815
+380961989252
+380660207340
+380992695338
+380665805418
+380976990890
+380507801064
+380997899221
+380506133652
+380987497416
+380997553181
+380930407011
+380638948457
+380680133392
+380663467942
+380957307659
+380950746801
+380930675864
+380635866836
+380989861325
+380978257850
+380668517935
+380686786785
+380991762986
+380675268599
+380956498714
+380683577124
+380991419342
+380993190584
+380637652605
+380997463264
+380934189691
+380669431264
+380992141469
+380979383432
+380959226104
+380973025166
+380980441689
+380996810944
+380669687060
+380954607335
+380637707468
+380938505166
+380666844064
+380668519266
+380508538481
+380986051854
+380630319039
+380635617823
+380684323197
+380687776543
+380631174376
+380663228474
+380502436851
+380987209094
+380500700626
+380665860195
+380993965115
+380663626216
+380509704423
+380956400742
+380638698486
+380995177769
+380988060189
+380674551586
+380962493407
+380988531013
+380665265369
+380667858377
+380681631723
+380683914116
+380978386531
+380507163811
+380500135539
+380665372339
+380961212355
+380500700496
+380971666895
+380667924249
+380988583748
+380968431726
+380997377046
+380961683442
+380506791755
+380999552833
+380679055777
+380953470656
+380972400627
+380634730779
+380969323733
+380684455086
+380681175269
+380935561434
+380688491283
+380509345187
+380969164244
+380988554596
+380631120971
+380638475507
+380959044168
+380672975750
+380636556821
+380997301321
+380954470031
+380967495783
+380963345892
+380509731254
+380965713658
+380630318740
+380954358091
+380961941963
+380686418986
+380633054251
+380681259680
+380959346766
+380661103623
+380988303349
+380955804956
+380930738067
+380968247421
+380988462455
+380952151989
+380965316400
+380673932648
+380665845514
+380683270994
+380666566661
+380983724961
+380985301153
+380981263577
+380968731404
+380971813191
+380685369251
+380966416783
+380966152958
+380997709512
+380680816500
+380971053134
+380988988681
+380664494295
+380501424048
+380963160912
+380937970727
+380969445434
+380502539839
+380990468657
+380970779560
+380500621664
+380684402007
+380681946848
+380972067064
+380957426981
+380989784716
+380683234818
+380977705341
+380978196985
+380681543850
+380631642725
+380635392735
+380986512013
+380639445640
+380971477594
+380661548713
+380935446981
+380930020918
+380662469336
+380954863121
+380673693738
+380960118504
+380730409986
+380966703964
+380930636311
+380662328797
+380971060161
+380955188767
+380677045530
+380974434162
+380994519011
+380966310649
+380662558682
+380955123859
+380976074414
+380501678165
+380667890549
+380999006765
+380508480941
+380956336345
+380975871456
+380977767425
+380635018741
+380958409443
+380959495280
+380507616022
+380950970952
+380638997412
+380992349832
+380661730340
+380508173743
+380955027772
+380637926656
+380963398003
+380660522064
+380688851995
+380632994606
+380991833167
+380956853659
+380952025591
+380956096266
+380992519104
+380505460717
+380667410607
+380688613492
+380964298241
+380666321134
+380968847100
+380965925695
+380968096700
+380500154777
+380660654100
+380682059840
+380671655254
+380956986159
+380636399166
+380634018516
+380664851096
+380679259592
+380978090175
+380686960131
+380689296346
+380689322838
+380997823988
+380935134476
+380995254055
+380993643394
+380961010369
+380979462427
+380668183046
+380636935750
+380636164193
+380937162204
+380508687308
+380988034672
+380985844498
+380661410872
+380509224382
+380988060349
+380939563925
+380955488147
+380686345967
+380501846567
+380932867763
+380971818197
+380680771465
+380500753470
+380956114669
+380950026687
+380502656492
+380968878095
+380971556757
+380931121318
+380509757770
+380680211619
+380668720205
+380683609708
+380636127970
+380990597163
+380660400657
+380661811944
+380951079631
+380508378685
+380502827850
+380931150179
+380957248399
+380989524430
+380674680815
+380996291319
+380995259120
+380663523861
+380501502789
+380681421122
+380973035300
+380639634171
+380954578830
+380506625995
+380954522175
+380937439791
+380636935842
+380953600796
+380682927303
+380687386810
+380662431713
+380976910500
+380995451575
+380988205859
+380992426736
+380971768305
+380638447994
+380956966773
+380951015199
+380960876037
+380950123947
+380506750376
+380661766470
+380963961671
+380989496039
+380684337818
+380682052539
+380637302996
+380984793122
+380930151880
+380500873106
+380983789640
+380958440715
+380957949833
+380997464463
+380507350356
+380505782987
+380956962401
+380635085953
+380639712667
+380996855539
+380972438644
+380638223761
+380968297482
+380978794626
+380972709958
+380664220864
+380994099996
+380983758058
+380978829644
+380968589821
+380639789192
+380994452262
+380988246672
+380986031047
+380994968920
+380685669781
+380994630072
+380973798699
+380733028487
+380989224402
+380995079238
+380961682761
+380976037676
+380664338182
+380991119134
+380689126011
+380730874682
+380959244723
+380507753924
+380663174468
+380960532697
+380986541935
+380501649294
+380671062213
+380666612235
+380960662133
+380983158109
+380993884358
+380660291443
+380682045658
+380970914430
+380509019777
+380931482313
+380961304629
+380956821078
+380681099762
+380668520550
+380994994113
+380684597128
+380680680700
+380674477762
+380984550967
+380985647820
+380634217706
+380958710815
+380935760604
+380681690800
+380689611686
+380663538455
+380978842418
+380660055934
+380964136744
+380932786246
+380634015451
+380951408071
+380501977795
+380664087065
+380681784415
+380685335822
+380987885258
+380966975505
+380982580760
+380969509531
+380733074912
+380969560428
+380681507340
+380978377630
+380990091840
+380975974326
+380961011191
+380668488607
+380950153398
+380971967098
+380680265482
+380977283620
+380637039856
+380966722368
+380980986706
+380967907126
+380681926812
+380683388370
+380635487339
+380991785802
+380994547069
+380684549733
+380684828378
+380971463137
+380635154376
+380987232703
+380953133848
+380731762276
+380976728031
+380688098124
+380504844765
+380992657511
+380999459552
+380677260733
+380500338688
+380977613281
+380971009042
+380500151134
+380672912017
+380981328595
+380669167752
+380964942913
+380987321260
+380663113283
+380950167891
+380968479066
+380991445782
+380997421457
+380501436122
+380500802166
+380959362784
+380980338543
+380666508739
+380964959450
+380967255934
+380991915850
+380994988995
+380662352674
+380991027491
+380990559427
+380963148372
+380635704862
+380965183619
+380987150053
+380683456459
+380978319261
+380990104712
+380974847001
+380935572967
+380662901233
+380687863083
+380932333160
+380996610961
+380683651660
+380984998384
+380679512380
+380987871347
+380964158921
+380976734827
+380982698710
+380669150721
+380984468221
+380971175807
+380990332823
+380966665371
+380505453569
+380638127983
+380986071795
+380980803906
+380939146854
+380689761720
+380660964317
+380939839161
+380994616524
+380989689745
+380635378950
+380985099784
+380672591791
+380632271361
+380971493983
+380953853470
+380686086151
+380977566697
+380636919512
+380950468478
+380967993408
+380956087808
+380958914955
+380680323767
+380963048477
+380974032829
+380969928307
+380506284274
+380993375514
+380633154314
+380983597084
+380968019243
+380979435796
+380984198874
+380973373750
+380989679323
+380958731617
+380668517238
+380954650094
+380939959027
+380688368528
+380506361608
+380964205605
+380987214226
+380971152338
+380958879231
+380507420453
+380974247623
+380681989020
+380990119289
+380675076574
+380983774918
+380665896491
+380634577630
+380683419457
+380975340762
+380509252547
+380975360600
+380660639998
+380960285101
+380993839862
+380992132528
+380957210309
+380668761370
+380958960639
+380508568773
+380631716449
+380997259843
+380931228827
+380992831341
+380636547789
+380635016849
+380996287189
+380930558688
+380996528509
+380660615736
+380971417560
+380931249832
+380660637494
+380636926361
+380685002314
+380987837775
+380982310452
+380960505097
+380501664188
+380686968782
+380634767487
+380666024524
+380951455064
+380678024355
+380674942628
+380974776672
+380633789631
+380501816418
+380978070128
+380931125664
+380984203759
+380689564783
+380687718201
+380950609371
+380671187808
+380983988690
+380639731451
+380966697612
+380987530063
+380990475722
+380663481303
+380688489361
+380683414089
+380989693472
+380968157430
+380688431154
+380993287093
+380685335822